4 0 0.175 0.0333333328125 0.24722222187499998 0.1111111109375 0.2916666671875 0.2888888890625 0.29444444375 0.3296296296875 0.2666666671875 0.3481481484375 0.23055555625 0.3333333328125 0.15 0.28148148125 0.097222221875 0.2370370375 0.08333333281250001 0.21111111093749999 0.061111110937500004 0.1629629625 0.04444444375 0.1 0.0416666671875 0.040740740625 0.058333332812500006 0 0.0916666671875 0 0.175
4 0.61851851875 0.13888888906250002 0.54444444375 0.0916666671875 0.43333333281249997 0.08055555625000001 0.3481481484375 0.11388888906250001 0.33703703749999997 0.20555555625 0.3481481484375 0.23611111093749998 0.36666666718749996 0.2638888890625 0.4296296296875 0.30555555624999997 0.522222221875 0.3 0.5740740734374999 0.3083333328125 0.6259259265625 0.275 0.640740740625 0.25 0.64444444375 0.20555555625 0.61851851875 0.13888888906250002
4 0.7814814812499999 0.102777778125 0.6703703703125 0.125 0.640740740625 0.18055555625 0.64444444375 0.26944444375 0.7148148140624999 0.322222221875 0.8296296296874999 0.31944444375000003 0.88148148125 0.29444444375 0.9037037031249999 0.2666666671875 0.9074074078125 0.175 0.8888888890625 0.1416666671875 0.8370370375 0.10555555624999999 0.7814814812499999 0.102777778125
4 0.1481481484375 0.2833333328125 0.1 0.29444444375 0.037037037499999995 0.32777777812500003 0.018518518749999997 0.3638888890625 0.0111111109375 0.46944444374999994 0.0629629625 0.5138888890625 0.24814814843750002 0.525 0.3111111109375 0.497222221875 0.3481481484375 0.4611111109375 0.35925925937500003 0.3638888890625 0.3111111109375 0.302777778125 0.1481481484375 0.2833333328125
4 0.46666666718750005 0.29722222187499997 0.4148148140625 0.3138888890625 0.36666666718749996 0.35 0.35925925937500003 0.44166666718750003 0.396296296875 0.497222221875 0.45185185156249996 0.5333333328125 0.540740740625 0.5333333328125 0.6259259265625 0.477777778125 0.6370370375000001 0.3888888890625 0.6111111109375 0.33888888906250003 0.5666666671875 0.3083333328125 0.46666666718750005 0.29722222187499997
4 0.8666666671875 0.3416666671875 0.8074074078125 0.3166666671875 0.7666666671875 0.3166666671875 0.6666666671875 0.3361111109375 0.6296296296875 0.38055555625 0.640740740625 0.4861111109375 0.6703703703125 0.5138888890625 0.74444444375 0.5361111109375 0.796296296875 0.5333333328125 0.8518518515625001 0.5111111109375 0.8888888890625 0.48055555625 0.9074074078125 0.44444444375 0.9037037031249999 0.39444444375 0.8666666671875 0.3416666671875
4 0.35925925937500003 0.5944444437499999 0.32592592656249997 0.5694444437499999 0.32592592656249997 0.5527777781250001 0.259259259375 0.525 0.140740740625 0.51944444375 0.0925925921875 0.5388888890625 0.048148148437499996 0.577777778125 0.022222221875 0.627777778125 0.04444444375 0.7 0.08148148125 0.727777778125 0.1740740734375 0.7666666671875 0.2851851859375 0.772222221875 0.33703703749999997 0.7388888890625 0.36666666718749996 0.7 0.3740740734375 0.63055555625 0.35925925937500003 0.5944444437499999
4 0.5703703703125 0.5416666671875 0.47407407343749997 0.5305555562500001 0.4296296296875 0.5416666671875 0.396296296875 0.5666666671875 0.3703703703125 0.60555555625 0.36666666718749996 0.65 0.4148148140625 0.7361111109375 0.48148148125 0.7666666671875 0.5481481484375 0.7666666671875 0.6296296296875 0.7138888890625 0.6481481484375 0.61944444375 0.61851851875 0.577777778125 0.5703703703125 0.5416666671875
4 0.8222222218749999 0.5388888890625 0.7629629625 0.5333333328125 0.659259259375 0.58055555625 0.640740740625 0.66944444375 0.6888888890625 0.7333333328125 0.7333333328125 0.7638888890625 0.8222222218749999 0.7666666671875 0.8740740734375001 0.747222221875 0.9037037031249999 0.722222221875 0.9259259265625 0.6805555562500001 0.922222221875 0.625 0.8851851859375 0.5638888890625 0.8222222218749999 0.5388888890625
4 0.322222221875 1 0.36666666718749996 0.9638888890624999 0.38148148125 0.925 0.35925925937500003 0.8138888890624999 0.296296296875 0.7638888890625 0.1703703703125 0.7611111109375 0.08148148125 0.79444444375 0.037037037499999995 0.83055555625 0.0148148140625 0.9055555562500001 0.04444444375 0.9666666671874999 0.0703703703125 1 0.322222221875 1
4 0.49259259218749996 1 0.5703703703125 0.975 0.6111111109375 0.9472222218749999 0.6481481484375 0.9 0.6518518515625 0.852777778125 0.6296296296875 0.8027777781250001 0.58148148125 0.7666666671875 0.54444444375 0.7638888890625 0.43333333281249997 0.772222221875 0.4 0.7916666671875 0.3703703703125 0.8333333328125001 0.3703703703125 0.9 0.3925925921875 0.9694444437499999 0.45185185156249996 1 0.49259259218749996 1
4 0.8111111109375001 0.7583333328124999 0.703703703125 0.76944444375 0.6518518515625 0.8361111109375001 0.6518518515625 0.91944444375 0.7185185187500001 0.972222221875 0.8481481484375 0.952777778125 0.9148148140625001 0.9138888890624999 0.9333333328125001 0.8833333328125 0.940740740625 0.83055555625 0.9148148140625001 0.797222221875 0.8629629624999999 0.7638888890625 0.8111111109375001 0.7583333328124999