15 0.33966244687499997 0.728028503125 0.34388185625 0.7434679328125 0.37974683593749997 0.77434679375 0.41772151874999996 0.7980997624999999 0.47257383906249995 0.8159144890625001 0.5105485234375 0.81235154375 0.5421940921874999 0.800475059375 0.5590717296875 0.78384798125 0.609704640625 0.7612826609375001 0.6286919828124999 0.747030878125 0.626582278125 0.732779096875 0.5738396625 0.680522565625 0.5274261609375 0.652019003125 0.4978902953125 0.6472684078125 0.4156118140625 0.6722090265625 0.356540084375 0.7054631828125 0.33966244687499997 0.728028503125
15 0.0759493671875 0.636579571875 0.056962025000000006 0.641330165625 0.044303796875 0.65914489375 0.033755275 0.7304038 0.0379746828125 0.747030878125 0.061181434374999996 0.7636579578125 0.0801687765625 0.7660332546874999 0.094936709375 0.7755344421875 0.23206751093750003 0.7767220906250001 0.2679324890625 0.7802850359375 0.291139240625 0.788598575 0.31645569687499997 0.6840855109375 0.30590717343749996 0.6448931109375 0.29535865 0.636579571875 0.274261603125 0.6318289781249999 0.282700421875 0.617577196875 0.2679324890625 0.6116389546875001 0.261603375 0.6318289781249999 0.24894514843749999 0.634204275 0.0759493671875 0.636579571875
15 0.7025316453125 0.7660332546874999 0.7046413499999999 0.795724465625 0.7679324890625 0.809976246875 0.8691983125 0.8087885984375 0.8924050640625 0.795724465625 0.905063290625 0.7173396671875001 0.8818565406250001 0.690023753125 0.831223628125 0.6828978625000001 0.78691983125 0.6828978625000001 0.742616034375 0.6840855109375 0.7215189875 0.694774346875 0.7025316453125 0.7660332546874999
15 0.6012658234375 0.7969121140625 0.5379746828124999 0.8016627078124999 0.47468354375 0.8218527312499999 0.46624472499999997 0.8467933484374999 0.46624472499999997 0.9026128265625 0.47468354375 0.9334916859375 0.49156118125 0.9536817109375001 0.5189873421875 0.9560570078125 0.6054852328125 0.9358669828125 0.691983121875 0.9287410921875001 0.71308016875 0.9216152015624999 0.7215189875 0.8681710218750001 0.7151898734375 0.8325415671874999 0.6940928265624999 0.788598575 0.6898734171875 0.795724465625 0.6751054859375001 0.800475059375 0.6012658234375 0.7969121140625
15 0.274261603125 0.8396674578125 0.261603375 0.9263657953125 0.2679324890625 0.9394299281249999 0.28691983125 0.9513064140624999 0.322784809375 0.9536817109375001 0.40506329062499996 0.9406175765624999 0.44303797500000003 0.9263657953125 0.46624472499999997 0.9109263656250001 0.47468354375 0.8966745843749999 0.47257383906249995 0.8349168640625001 0.447257384375 0.8171021375 0.40295358593749997 0.80760095 0.390295359375 0.8135391921874999 0.2932489453125 0.8254156765625 0.274261603125 0.8396674578125
15 0.291139240625 0.6116389546875001 0.31645569687499997 0.7030878859375 0.3881856546875 0.6888361046875 0.5105485234375 0.634204275 0.50843881875 0.584323040625 0.5 0.5665083140625 0.48101265781249997 0.560570071875 0.44092827031250004 0.560570071875 0.3122362875 0.5688836109375 0.291139240625 0.5807600953125001 0.291139240625 0.6116389546875001
15 0.5105485234375 0.634204275 0.5168776375 0.6472684078125 0.569620253125 0.6769596203125 0.6033755281250001 0.6722090265625 0.6645569625000001 0.6793349171874999 0.6940928265624999 0.67814726875 0.717299578125 0.6080760093750001 0.71308016875 0.5866983375 0.691983121875 0.5783847984375 0.6286919828124999 0.5665083140625 0.544303796875 0.56294536875 0.5232067515625001 0.5700712593749999 0.5147679328125 0.58194774375 0.5105485234375 0.634204275
15 0.044303796875 0.8800475062500001 0.052742615625 0.8883610453124999 0.078059071875 0.8954869359375 0.2109704640625 0.9144893109375 0.24261603437499998 0.9144893109375 0.25949367031250004 0.8990498812500001 0.274261603125 0.8444180515624999 0.28691983125 0.8254156765625 0.2848101265625 0.7933491687500001 0.2552742609375 0.7779097390625 0.168776371875 0.7731591453125 0.0886075953125 0.7802850359375 0.0464135015625 0.8562945375 0.044303796875 0.8800475062500001
19 0.2848101265625 0.1935866984375 0.261603375 0.2019002375 0.21308016875 0.204275534375 0.177215190625 0.2173396671875 0.17088607656250002 0.24465558125000003 0.2510548515625 0.40855106875 0.27637130781249997 0.415676959375 0.2974683546875 0.415676959375 0.356540084375 0.40855106875 0.37974683593749997 0.42755344375000004 0.3987341765625 0.4311163890625 0.45358649843750004 0.42636579531249996 0.46202531718750006 0.4216152015625 0.4894514765625 0.35985748281249996 0.487341771875 0.31353919218750004 0.46413502187500005 0.25534441874999997 0.421940928125 0.1840855109375 0.413502109375 0.18171021406250001 0.40506329062499996 0.18764845624999998 0.390295359375 0.18764845624999998 0.37763713125 0.18171021406250001 0.373417721875 0.1888361046875 0.36075949375 0.1912114015625 0.2848101265625 0.1935866984375
19 0.47468354375 0.3230403796875 0.47468354375 0.36342042812500003 0.46624472499999997 0.37292161562500004 0.46624472499999997 0.44299287343750005 0.4767932484375 0.45130641406249994 0.5147679328125 0.459619953125 0.6244725734375 0.4560570078125 0.6455696203125 0.43942992812500004 0.6624472578125 0.3931116390625 0.67299578125 0.35154394375 0.6751054859375001 0.2992874109375 0.668776371875 0.28384798125 0.6582278484375 0.276722090625 0.6202531640625 0.2684085515625 0.487341771875 0.267220903125 0.47468354375 0.2755344421875 0.48101265781249997 0.31591448906249997 0.47468354375 0.3230403796875
19 0.57890625 0.1953125 0.34453125 0.12890625
19 0.82421875 0.3171875 0.16328125 0.19140625