18 0.3586497890625 0.6329113921875 0.3628691984375 0.6867088609375 0.3987341765625 0.72468354375 0.438818565625 0.751582278125 0.495780590625 0.7674050640625001 0.5464135015625 0.76424050625 0.5759493671875 0.748417721875 0.5907173 0.7278481015625 0.6012658234375 0.6740506328125 0.5907173 0.6439873421875 0.5675105484375 0.6028481015625 0.5189873421875 0.572784809375 0.48312236249999996 0.5601265828125 0.438818565625 0.5601265828125 0.396624471875 0.572784809375 0.3713080171875 0.598101265625 0.3586497890625 0.6329113921875
18 0.5675105484375 0.594936709375 0.5675105484375 0.625 0.5928270046875 0.6756329109375 0.62236286875 0.7041139234375 0.6582278484375 0.7215189875 0.71308016875 0.723101265625 0.7552742609374999 0.7041139234375 0.7763713078125 0.6756329109375 0.7848101265625 0.6566455703125 0.7805907171875 0.6060126578125 0.7637130796875 0.5743670890625 0.7362869203125 0.5506329109375 0.700421940625 0.5363924046874999 0.651898734375 0.5316455703125 0.6160337546875 0.5395569625000001 0.5886075953125001 0.5585443031249999 0.5675105484375 0.594936709375
18 0.126582278125 0.6155063296875001 0.1329113921875 0.6487341765625 0.151898734375 0.6740506328125 0.2194092828125 0.7151898734375 0.2721518984375 0.7215189875 0.32489451406250003 0.7136075953125001 0.36497890312500003 0.693037975 0.37552742656250004 0.580696203125 0.356540084375 0.5632911390625 0.32489451406250003 0.5506329109375 0.2405063296875 0.5474683546875 0.17932489375 0.5632911390625 0.143459915625 0.5870253171875001 0.126582278125 0.6155063296875001
18 0.0400843875 0.50316455625 0.0590717296875 0.5332278484375 0.09915611875 0.5601265828125 0.1540084390625 0.5775316453125 0.22573839687500002 0.55379746875 0.27637130781249997 0.5474683546875 0.2848101265625 0.5316455703125 0.282700421875 0.5079113921875 0.24894514843749999 0.4525316453125 0.200421940625 0.4224683546875 0.1666666671875 0.41297468281249994 0.126582278125 0.4113924046875 0.08649789062499999 0.4224683546875 0.0421940921875 0.46835442968749996 0.0400843875 0.50316455625
18 0.677215190625 0.46202531718750006 0.6708860765625 0.4952531640625 0.6751054859375001 0.5316455703125 0.7679324890625 0.5759493671875 0.80379746875 0.569620253125 0.848101265625 0.5474683546875 0.8755274265624999 0.4952531640625 0.873417721875 0.45411392343749996 0.8586497890624999 0.4240506328125 0.822784809375 0.401898734375 0.782700421875 0.3987341765625 0.7299578062500001 0.41297468281249994 0.708860759375 0.427215190625 0.677215190625 0.46202531718750006
18 0.47257383906249995 0.46993670937500004 0.46202531718750006 0.4952531640625 0.46202531718750006 0.530063290625 0.47468354375 0.552215190625 0.49156118125 0.5664556968750001 0.52531645625 0.5759493671875 0.5801687765625 0.569620253125 0.6202531640625 0.544303796875 0.647679325 0.5363924046874999 0.6645569625000001 0.5237341765625 0.6751054859375001 0.498417721875 0.677215190625 0.45411392343749996 0.6540084390625001 0.42879746875 0.609704640625 0.41297468281249994 0.561181434375 0.4113924046875 0.5232067515625001 0.4240506328125 0.4978902953125 0.441455696875 0.47257383906249995 0.46993670937500004
18 0.27004219375 0.487341771875 0.2848101265625 0.5237341765625 0.308016878125 0.5506329109375 0.3670886078125 0.572784809375 0.4282700421875 0.5664556968750001 0.46624472499999997 0.5348101265625 0.46413502187500005 0.46677215156249996 0.4367088609375 0.4367088609375 0.3945147671875 0.41297468281249994 0.3291139234375 0.40506329062499996 0.30168776406250003 0.4113924046875 0.274261603125 0.43987341718749995 0.27004219375 0.487341771875
18 0.1075949359375 0.36550632968749996 0.109704640625 0.40822784843750004 0.118143459375 0.4145569625 0.18776371249999999 0.4240506328125 0.24261603437499998 0.44303797500000003 0.27004219375 0.43512658281250005 0.29957805937500004 0.40822784843750004 0.3143459921875 0.37816455625 0.3143459921875 0.3465189875 0.29957805937500004 0.322784809375 0.2784810125 0.30854430312500003 0.24261603437499998 0.2974683546875 0.20253164531249998 0.2974683546875 0.151898734375 0.3148734171875 0.12236286874999999 0.3386075953125 0.1075949359375 0.36550632968749996
18 0.27637130781249997 0.28955696249999996 0.2805907171875 0.31645569687499997 0.32700421875 0.3560126578125 0.348101265625 0.36075949375 0.40506329062499996 0.3275316453125 0.45569620312500003 0.31645569687499997 0.46624472499999997 0.2879746828125 0.46413502187500005 0.25474683593749997 0.44303797500000003 0.234177215625 0.40506329062499996 0.223101265625 0.36497890312500003 0.223101265625 0.32489451406250003 0.234177215625 0.29535865 0.25316455625 0.27637130781249997 0.28955696249999996
18 0.3628691984375 0.3528481015625 0.35232067499999997 0.38449367031250004 0.3691983125 0.4098101265625 0.4113924046875 0.4256329109375 0.44303797500000003 0.44620253125 0.4852320671875 0.4509493671875 0.529535865625 0.4256329109375 0.5717299578125 0.4113924046875 0.578059071875 0.37816455625 0.5675105484375 0.3528481015625 0.54852320625 0.33544303750000004 0.5168776375 0.32120253125 0.46624472499999997 0.3148734171875 0.4113924046875 0.322784809375 0.38185654062499996 0.3370253171875 0.3628691984375 0.3528481015625
18 0.46624472499999997 0.2958860765625 0.48312236249999996 0.31645569687499997 0.529535865625 0.3275316453125 0.5717299578125 0.3528481015625 0.609704640625 0.3259493671875 0.67299578125 0.30696202499999997 0.6708860765625 0.2784810125 0.6371308015625 0.24841772187500002 0.5928270046875 0.2325949359375 0.529535865625 0.23101265781250002 0.5 0.237341771875 0.4767932484375 0.25632911406250003 0.46624472499999997 0.2958860765625
18 0.5738396625 0.3528481015625 0.5738396625 0.37183544375 0.5801687765625 0.4034810125 0.5928270046875 0.416139240625 0.635021096875 0.4256329109375 0.67299578125 0.44303797500000003 0.7953586500000001 0.3987341765625 0.8016877640625 0.390822784375 0.7848101265625 0.3465189875 0.7594936703124999 0.3243670890625 0.7151898734375 0.30854430312500003 0.6666666671875 0.30854430312500003 0.635021096875 0.3132911390625 0.6012658234375 0.3275316453125 0.5738396625 0.3528481015625