18 0.38181818125 0.8524590156249999 0.450909090625 0.9125683062500001 0.5599999999999999 0.9125683062500001 0.6363636359375 0.8797814203125001 0.6654545453125 0.8306010921875 0.6727272734375 0.7486338796875 0.6327272734375 0.6612021859375 0.58181818125 0.6174863390625001 0.46909090937500003 0.6174863390625001 0.4036363640625 0.64480874375 0.3636363640625 0.7486338796875 0.38181818125 0.8524590156249999
18 0.6581818187499999 0.7049180328125 0.6763636359375 0.7868852453125 0.73818181875 0.8251366125 0.8363636359375001 0.81420765 0.8763636359375001 0.7486338796875 0.8727272734374999 0.6393442625 0.81818181875 0.5245901640625 0.73818181875 0.4699453546875 0.6545454546875 0.4808743171875 0.62181818125 0.54098360625 0.6036363640625 0.63387978125 0.6581818187499999 0.7049180328125
18 0.74181818125 0.4699453546875 0.8 0.508196721875 0.8690909093749999 0.6393442625 0.9199999999999999 0.584699453125 0.9527272734375 0.464480875 0.94181818125 0.3387978140625 0.8763636359375001 0.278688525 0.8 0.2896174859375 0.76 0.3606557375 0.74181818125 0.4426229515625 0.74181818125 0.4699453546875
18 0.149090909375 0.672131146875 0.2254545453125 0.7759562843750001 0.3345454546875 0.7978142078125 0.3636363640625 0.7759562843750001 0.3672727265625 0.7049180328125 0.4036363640625 0.6229508203125 0.3527272734375 0.508196721875 0.3163636359375 0.47540983593749997 0.26181818125 0.464480875 0.1963636359375 0.47540983593749997 0.1563636359375 0.5245901640625 0.14181818125 0.584699453125 0.149090909375 0.672131146875
18 0.3854545453125 0.5737704921875 0.4 0.6393442625 0.4763636359375 0.601092896875 0.6036363640625 0.6229508203125 0.6072727265625 0.535519125 0.5927272734375 0.4808743171875 0.5599999999999999 0.4316939890625 0.49818181875 0.3934426234375 0.41818181875000004 0.398907103125 0.36 0.464480875 0.3527272734375 0.5191256828124999 0.3854545453125 0.5737704921875
18 0.549090909375 0.42622950781249996 0.5854545453125 0.47540983593749997 0.6072727265625 0.584699453125 0.6545454546875 0.48633879843749994 0.74181818125 0.4699453546875 0.7454545453125 0.32786885312499997 0.72 0.27322404375 0.6799999999999999 0.24043715781250002 0.629090909375 0.24043715781250002 0.5927272734375 0.2677595625 0.5527272734374999 0.3770491796875 0.549090909375 0.42622950781249996
18 0.37818181875 0.42076502656250003 0.43636363593749994 0.398907103125 0.5563636359374999 0.42076502656250003 0.57818181875 0.278688525 0.5672727265625 0.23497267812499997 0.5127272734375 0.18032786875 0.45454545468749996 0.18579235 0.38181818125 0.27322404375 0.3636363640625 0.3387978140625 0.37818181875 0.42076502656250003
18 0.16363636406249998 0.47540983593749997 0.189090909375 0.491803278125 0.29454545468750004 0.464480875 0.3563636359375 0.5136612015625001 0.37818181875 0.4426229515625 0.36 0.3387978140625 0.3127272734375 0.27322404375 0.26181818125 0.2513661203125 0.1927272734375 0.26229508125 0.1527272734375 0.31147540937499996 0.1454545453125 0.398907103125 0.16363636406249998 0.47540983593749997
18 0.22181818125000002 0.2513661203125 0.29818181875 0.2677595625 0.3672727265625 0.3497267765625 0.3854545453125 0.27322404375 0.450909090625 0.19125683124999998 0.43636363593749994 0.1147540984375 0.370909090625 0.0765027328125 0.29818181875 0.0765027328125 0.24727272656250002 0.10382513593750001 0.2254545453125 0.15300546406249999 0.22181818125000002 0.2513661203125
18 0.450909090625 0.18579235 0.53818181875 0.20218579218750002 0.58181818125 0.2950819671875 0.6327272734375 0.24043715781250002 0.6436363640625 0.136612021875 0.610909090625 0.0655737703125 0.5599999999999999 0.0218579234375 0.49090909062500004 0.0218579234375 0.45454545468749996 0.043715846875 0.44000000000000006 0.131147540625 0.450909090625 0.18579235
18 0.7272727265625 0.3005464484375 0.7454545453125 0.3715847 0.74181818125 0.4699453546875 0.7527272734375 0.4699453546875 0.770909090625 0.35519125625000003 0.8290909093750001 0.2677595625 0.8290909093750001 0.20218579218750002 0.789090909375 0.10928961718750001 0.74181818125 0.0765027328125 0.6436363640625 0.08743169375 0.629090909375 0.2459016390625 0.6836363640625 0.2513661203125 0.7272727265625 0.3005464484375